742808867, 2, 1.6687931217249168, 1.0232007856090666
811088335, 2, 1.637769378886329, 1.0556071655547929
880121025, 2, 1.6638278074853392, 1.0826459627337981
912355585, 2, 1.6474068469768779, 1.0926928674851328
943352623, 2, 1.6173540456344755, 1.1007486113050713
979987210, 2, 1.6083478418921655, 1.1023387613825544
11737739, 2, 1.5993900424526488, 1.1015924920106741
43229060, 2, 1.601361864244268, 1.0984976022842028
79465540, 2, 1.600235794019834, 1.0965771733454779
111873406, 2, 1.6087784675448034, 1.0951964471942588
143793767, 2, 1.6186293567300754, 1.0959289539597832
178692211, 2, 1.6354791999309832, 1.1027753679719676
210910833, 2, 1.6530704153802562, 1.1149685919665835
242874978, 2, 1.672189926589005, 1.12803571558587
279155382, 2, 1.6561743074576218, 1.1421680426970198
311802372, 2, 1.6617811255350481, 1.1548702674112743
79172794, 2, 1.524544630443406, 1.7732763293249285
111608172, 2, 1.5261144846566905, 1.7869766611834794
143368557, 2, 1.518416961939749, 1.7987993719069502
143368557, 3, 1.8405773153811524, 1.0333757022690822
179224451, 2, 1.5091009522545769, 1.8074557590151514
179224451, 3, 1.8727777989114374, 1.0406681521711645
211792766, 2, 1.5140328557910241, 1.8143996513492264
211792766, 3, 1.8824725757028375, 1.0470410075137835
243052108, 2, 1.490235992838665, 1.8219874779124385
243052108, 3, 1.8565302037634734, 1.0537305870144429
279188205, 2, 1.4963864370683588, 1.8278234633631028
279188205, 3, 1.8628061192806258, 1.0588979220189572
311890299, 2, 1.4878475900611281, 1.8331160413887364
311890299, 3, 1.8391896707177668, 1.063334744819997
342793447, 2, 1.4828102801854348, 1.8370631707788136
342793447, 3, 1.8512837657730485, 1.0665583445837736
378595638, 2, 1.4598848024305811, 1.836661397331367
378595638, 3, 1.8508780327554242, 1.0655964185643259
411684598, 2, 1.479018287725784, 1.8325653861783171
411684598, 3, 1.8363550476892991, 1.0603235060644962
443280484, 2, 1.4637241387634234, 1.826680235580129
443280484, 3, 1.8467637771319521, 1.0549894407971194
479522584, 2, 1.4773875497759097, 1.8232177709646389
479522584, 3, 1.8329399628447811, 1.0515810310515852
511312084, 2, 1.4735565369263128, 1.8217740756134124
511312084, 3, 1.8411467520256541, 1.0500539551330346
543463622, 2, 1.459454006886397, 1.8226853797932638
543463622, 3, 1.8535256697998921, 1.0506263045956874
579343160, 2, 1.4721645732675168, 1.8233525899313536
579343160, 3, 1.837124757222719, 1.0513773081423188
611006333, 2, 1.4780005325481502, 1.8253821631652121
611006333, 3, 1.8427664404727253, 1.0531702764890423
643006074, 2, 1.4686223838411052, 1.8273911029374994
643006074, 3, 1.8410228954346552, 1.0562759134419533
681081840, 2, 1.4679625379122456, 1.8286644268685994
681081840, 3, 1.8504111632167306, 1.057037660859127
710978738, 2, 1.4736729777667894, 1.826952893640809
710978738, 3, 1.8696941226502723, 1.0554153369454711
742860713, 2, 1.4712626209698898, 1.8270376922435267
742860713, 3, 1.8766822212425947, 1.0553040045828905
779331128, 2, 1.4776278521553274, 1.8273094054149941
779331128, 3, 1.8658775421654359, 1.0541889741077761
811374913, 2, 1.4836398659935868, 1.8272201778887314
811374913, 3, 1.8887431679314202, 1.0529234967614411
843061206, 2, 1.4659261253684432, 1.8285745381674114
843061206, 3, 1.8666325732644073, 1.0519102993895266
879587485, 2, 1.4409938054847409, 1.8298106134862835
879587485, 3, 1.832460728502572, 1.0516024401405666
911241458, 2, 1.4505546398805804, 1.8291657881012051
911241458, 3, 1.8420351184737351, 1.0503221862816707
943411999, 2, 1.4508355691328516, 1.827456312531792
943411999, 3, 1.8343405731458975, 1.047372350990198
978882810, 2, 1.4562494559521797, 1.8285951829361575
978882810, 3, 1.808325372965562, 1.0465896087222386
11150946, 2, 1.4508535919144443, 1.8304882071287039
11150946, 3, 1.8241551358818984, 1.046419660153501
43138916, 2, 1.4327106776635936, 1.8338624290794769
43138916, 3, 1.804924345642714, 1.0473650880180456
79430788, 2, 1.4386232448541028, 1.835609007992502
79430788, 3, 1.8137330808514707, 1.0465213511185045
111208800, 2, 1.4359693849114206, 1.8355423383629348
111208800, 3, 1.8173281623928763, 1.0436190339177629
143099558, 2, 1.4219015682570999, 1.8353545708230654
143099558, 3, 1.7984742041447768, 1.0408160994236686
179530503, 2, 1.4056198058124831, 1.8350877031697421
179530503, 3, 1.7984515152719096, 1.0378463893691308
211381148, 2, 1.4140476553821191, 1.8358244925289444
211381148, 3, 1.7671449079206283, 1.0355534477122124
243187723, 2, 1.4112916024289575, 1.8380670042826983
243187723, 3, 1.7849591731371408, 1.0347120597536685
279569690, 2, 1.3920226778340912, 1.8401282000161134
279569690, 3, 1.7835324633145802, 1.0331189254220285
311111612, 2, 1.3968058017154257, 1.840846437784986
311111612, 3, 1.7982865132697301, 1.0306680591518145
343078070, 2, 1.3935917227424912, 1.8405238459348032
343078070, 3, 1.7865955420649344, 1.0265003574368186
379805611, 2, 1.3868481021916317, 1.8404037455899021
379805611, 3, 1.7720458622785904, 1.0227448682887537
411547118, 2, 1.3594307443807783, 1.8413000687089323
411547118, 3, 1.760487237912026, 1.0201572087182762
443246664, 2, 1.3677062921971899, 1.8399408041802816
479750865, 2, 1.3463622893634215, 1.8423815518327344
511867985, 2, 1.3605663022715282, 1.8434617303544028
543012391, 2, 1.3571359875345157, 1.8436389518389891
579550288, 2, 1.3424048276304548, 1.8448091041983616
611650668, 2, 1.3392260763800516, 1.8429027740707444
642784796, 2, 1.337438467876084, 1.8415211084674989
679587407, 2, 1.3338119553968566, 1.8409107363928936
711919363, 2, 1.3315609154706864, 1.8423538635798629
743271444, 2, 1.3360584208686452, 1.8466740284104886
779597919, 2, 1.3356130167541185, 1.8521160954550266
811534360, 2, 1.3122113709439984, 1.8553780245589275
842949734, 2, 1.3302050659458329, 1.8539486798261746
879415814, 2, 1.3108776832630713, 1.8520422665211922
911444398, 2, 1.3141784807792034, 1.8507934644755861
942848299, 2, 1.3002056354656664, 1.851590918002791
979364999, 2, 1.282600262717418, 1.8545610881803929
11591793, 2, 1.2819904157576929, 1.8583211133160729
43115797, 2, 1.2789624023959216, 1.8595379977861275
79454041, 2, 1.2804842714992397, 1.8601634023448694
111383771, 2, 1.2733743549383514, 1.8599718540542041
143259619, 2, 1.2673217957418756, 1.8604799228528031
179704258, 2, 1.246487423163142, 1.8623637958271742
211544363, 2, 1.2353037367093516, 1.8644026974801309
243105668, 2, 1.2221273864132078, 1.8658417492660557
279302389, 2, 1.2213869173992509, 1.8677152500568772
311546595, 2, 1.2116543829988493, 1.8691729081924207
343338216, 2, 1.197070702182877, 1.8706368108525666
379666539, 2, 1.1950618552826562, 1.8709367026655037
411574327, 2, 1.1755816208678072, 1.8719298592966658
443370072, 2, 1.1707674004397233, 1.871656706205169
479566597, 2, 1.1648272398196191, 1.870443055315316
511592643, 2, 1.1511287827653642, 1.8691141874646828
543216019, 2, 1.1578636240143412, 1.8677930634281417
579570444, 2, 1.1411418574704921, 1.8691244287040651
611412784, 2, 1.129754348174377, 1.8734296035302274
644346827, 2, 1.1289002871246312, 1.876860076331212
679929422, 2, 1.1231005251150763, 1.8809378014443177
712513514, 2, 1.1143148369866998, 1.8838780681590157
742937960, 2, 1.1046757035838168, 1.8856418721678168
779815984, 2, 1.1052474007604907, 1.886105130180082
811629786, 2, 1.0876681807519162, 1.8869373576604678
844135815, 2, 1.0987309396378533, 1.8859318521043951
879553674, 2, 1.0917574545200641, 1.8857915859290146
912584800, 2, 1.0794183592754718, 1.8852082275411877
943492047, 2, 1.0798296993009431, 1.8853821758453844
980471181, 2, 1.0698404831106652, 1.8876325516103956
11547539, 2, 1.0682280691222463, 1.8899167127452288
43834633, 2, 1.0695977908862149, 1.893170732799641
79259831, 2, 1.0644105490267433, 1.8950541146162541
111576302, 2, 1.0621021980027128, 1.8957035352469727
143264781, 2, 1.064520020735221, 1.8973811187883585
180001498, 2, 1.0612050159295736, 1.9015118050802933
243514844, 2, 1.04355347152461, 1.9046710034459575
279792517, 2, 1.0427322352898232, 1.9042370575917482
312013930, 2, 1.0391598734659981, 1.9026589831472398
343558028, 2, 1.0309303020485905, 1.9039520235727676
379744409, 2, 1.0310081118117895, 1.9047096983057503
411665907, 2, 1.0148906194336123, 1.9077212262218839
443374374, 2, 1.0190222763538057, 1.9129574650057892
479628818, 2, 1.0068936770489572, 1.9175896175657656
511912896, 2, 1.0053327243182208, 1.9211960280416054
543011244, 2, 0.99862852605088659, 1.9216908644385369
579905072, 2, 0.98315480435688274, 1.9212215826892189
611833547, 2, 0.98471097553123621, 1.9224814275918096
643664563, 2, 0.96655020521837709, 1.925382487919145
679736801, 2, 0.96116083910334782, 1.9313981789889827
711564391, 2, 0.95779004379264598, 1.9353738081597534
742811435, 2, 0.94019558267752257, 1.938266030741834
779480188, 2, 0.93508564288371099, 1.9405355605484633
811722597, 2, 0.92652613949084539, 1.9428839895930654
843170824, 2, 0.9115440199962983, 1.9442300666061334
879674996, 2, 0.90925016152095584, 1.9455673378969991
911964145, 2, 0.89784975073966655, 1.9482947602310581
943335276, 2, 0.89069424137543018, 1.9509334100796663
979659615, 2, 0.884012090180888, 1.9569620035961794
11473247, 2, 0.88193410383643234, 1.9652823618636579
43136527, 2, 0.86931506913919421, 1.9730479117173954
79556236, 2, 0.85766267505567462, 1.9738426785320844
111860356, 2, 0.84980683843442772, 1.9762444946251509
143043689, 2, 0.84688040283618249, 1.9749972021470279
179793725, 2, 0.84337064803321127, 1.97285555398185
211729302, 2, 0.8363565193164586, 1.9715845152651148
243111171, 2, 0.83604476421464013, 1.9725743588452993
279901456, 2, 0.82529946094557038, 1.9742996215865656
311733414, 2, 0.8269450322152424, 1.9777846368214864
343215802, 2, 0.82377784511526742, 1.9835840013047641
379574222, 2, 0.82116424691235923, 1.991880928281766
411766896, 2, 0.83903351781316537, 2.0062413330103532
443118367, 2, 0.83110763385593556, 2.0243301930554196
479612287, 2, 0.82412536975556439, 2.0417802426209328
511681027, 2, 0.80947763170573428, 2.0598992816571786
543302328, 2, 0.80552652113273948, 2.0770668605492038
579548696, 2, 0.80012590164133623, 2.0972863566572388
180068753, 3, 1.1243820980421546, 1.290093380053019
212004428, 3, 1.1119544555874949, 1.3057510525037475
243496198, 3, 1.0920863011743551, 1.3207279613192631
279878662, 3, 1.0865814594952878, 1.3327196378237554
311412111, 3, 1.0678158826060768, 1.3452938190978849
343221169, 3, 1.0660985531519442, 1.3546396120182957
379572386, 3, 1.0603471238647635, 1.3625194094033799
411791251, 3, 1.0576331864241983, 1.3691962221327969
443519092, 3, 1.0445157825450089, 1.3737294398427331
479763377, 3, 1.0354979496383188, 1.3772141887747464
511348208, 3, 1.0360409674130471, 1.378237793998504
543511378, 3, 1.0295693364391489, 1.3768094697772328
579602743, 3, 1.0218099160236376, 1.3717107969555338
612026037, 3, 1.0251832600850277, 1.3662807774411538
643284207, 3, 1.0132115576697485, 1.3597986705078173
679658038, 3, 1.0103091059386773, 1.3541340931742267
711127578, 3, 1.0025085904518638, 1.3504040625118658
743419258, 3, 0.99823751285833029, 1.3477441308372582
779833960, 3, 0.99691254615333758, 1.3488807108810088
811434596, 3, 0.99629152772628549, 1.3509076382079512
843085586, 3, 0.98763632116576827, 1.3512257364951858
879717525, 3, 0.9861012878756672, 1.3515184994317155
911181846, 3, 0.98619987659314023, 1.3523013376200161
943159265, 3, 0.9782654382209317, 1.3535814172494178
979485962, 3, 0.97339417573141307, 1.3582850305092575
11482007, 3, 0.97391177160444675, 1.3712655942643106
46892997, 3, 0.9708804803085308, 1.3873467763163798
79354148, 3, 0.96740821797803689, 1.3989495305033366
111403996, 3, 0.96448426945372023, 1.4117881391858176
147008157, 3, 0.94885950909522387, 1.4212319188685842
179423452, 3, 0.95063339828184512, 1.4335066670044501
211492910, 3, 0.94829222092507703, 1.4505990956603247
247362061, 3, 0.94126271698290687, 1.4721695583894243
279765158, 3, 0.93271825048378276, 1.4958611606091523
779500183, 3, 0.82022375589998497, 1.9733957898904191
847444797, 3, 0.8081668556671997, 2.0129341989875935
879722091, 3, 0.79103043017636765, 2.0300345269956908
911802009, 3, 0.79426820228685235, 2.0473042564403299
946710687, 3, 0.78124795922438117, 2.0640423203238791
979698441, 3, 0.77279180919818902, 2.076010121410155
11457107, 3, 0.76610338912638376, 2.086502101508922
47062037, 3, 0.75960174297589067, 2.0954158454676488
79587709, 3, 0.74803894520124092, 2.1033771887441572
247301250, 3, 0.73377068943804347, 2.1065389929243556
279562667, 3, 0.73172817457841932, 2.1039094404540832
311750633, 3, 0.72801000163701546, 2.1030440278752902
179254862, 6, 1.0351440762312016, 1.5083616338375736
247347726, 6, 1.013185896207548, 1.5416843741781581
279544152, 6, 1.0116912874181563, 1.5524281050559863
347361908, 6, 0.99879821128717161, 1.5801963903674581
378690103, 6, 0.99022858061288321, 1.5898980075660838
410982967, 6, 0.99632630469859884, 1.6006907801861279
447148154, 6, 0.98088028645940517, 1.6074585017351504
479143456, 6, 0.98717159718403424, 1.6128675723012242
511964096, 6, 0.97009150044055426, 1.6130746391744466
547330005, 6, 0.96903583005335203, 1.6109329693936441
579120115, 6, 0.97181750259666233, 1.6063419656434308
611173589, 6, 0.96268123808401596, 1.6031090864259718
647077111, 6, 0.96520898628258223, 1.5999381391070502
679335598, 6, 0.95192702282656716, 1.5966792269611223
711437877, 6, 0.95852221666253479, 1.5957468103555501
746746358, 6, 0.94751624003182566, 1.595652895384257
779122798, 6, 0.95112816263319699, 1.5977488192027312
811614083, 6, 0.94777865509916415, 1.6007633168189772
847073666, 6, 0.94991785051400213, 1.604152065040884
879019040, 6, 0.94321854723283249, 1.6046315486006344
911716851, 6, 0.94637119949389481, 1.6048495231606066
947335553, 6, 0.93941318112093852, 1.6050770546825519
978608837, 6, 0.94423565820377675, 1.6070206723291731
11278690, 6, 0.94754871076306391, 1.6189106397191091
79053707, 6, 0.94141685726456481, 1.646923651541836
111330574, 6, 0.9435463838426289, 1.6605450053014357
147222365, 6, 0.93452116308946398, 1.671168991678587
179523237, 6, 0.92982708042687712, 1.6842021195242178
211406703, 6, 0.9205887725909937, 1.7007777639784207
846564450, 1, 1.531356626761385, 1.3399335865767941
79710545, 1, 1.5140805415150491, 1.3665701017177319
111790146, 1, 1.47394857064212, 1.3624877392974084
147127036, 1, 1.4769882714242357, 1.3576392705235758
179462944, 1, 1.4716440837816076, 1.3524597735750037
210789681, 1, 1.4636110913663298, 1.3525687829566484
246604546, 1, 1.4687425348194041, 1.3547002702678559
279343311, 1, 1.443814737879008, 1.3548863525314898
311537575, 1, 1.4337678031191259, 1.3536915480288934
346433041, 1, 1.4385748435591961, 1.3499778086023513
379403350, 1, 1.4222796071387718, 1.3445980743039669
411488648, 1, 1.4093085694288279, 1.3421065281661295
446992267, 1, 1.4007021314204651, 1.3403861182116814
479666063, 1, 1.3781423772327344, 1.3395387418808096
511394654, 1, 1.382535122453542, 1.3377476833149411
546851597, 1, 1.3660159197969197, 1.3351773404228016
579451109, 1, 1.3508037974711222, 1.331889651278924
611076113, 1, 1.392465103006435, 1.328516968176999
679412887, 1, 1.3349057827117021, 1.3214879197499028
711489376, 1, 1.309682068210597, 1.3213419228014993
747283442, 1, 1.3105243817184546, 1.3197499532391672
779669439, 1, 1.2947158670536569, 1.31769647057731
811733305, 1, 1.2857279560449635, 1.313837806263864
879662061, 1, 1.2949262723109918, 1.3076926819232872
947452302, 1, 1.2724077360939683, 1.3067568712702791
979502230, 1, 1.2690667308162569, 1.3036484398668877
11230312, 1, 1.2479317838666248, 1.2936494418375262
779783082, 5, 1.4125578573917212, 1.9708281279075606
811166815, 5, 1.4468424430160227, 1.9547680947631241
847363459, 5, 1.4042801496450967, 1.9398286045846955
911136537, 5, 1.3631119824314211, 1.9123054190582656
947523117, 5, 1.3702357264589708, 1.9047008959496632
979328604, 5, 1.3626007337509509, 1.8954553929473392
11072642, 5, 1.3410908867703786, 1.8887008775858996
79207291, 5, 1.3217670387983425, 1.8884270162754806
110622013, 5, 1.3266869797951399, 1.8870581392324985
147125319, 5, 1.310194608445419, 1.8869417957287462
179459448, 5, 1.2929766064328674, 1.8912316794215043
215089187, 5, 1.2915659241800799, 1.8920151036446899
247367704, 5, 1.2919121276831043, 1.8941785822559585
279599300, 5, 1.2789854860920975, 1.8982406890765171
314991536, 5, 1.2746217459910991, 1.8996814811746932
347531215, 5, 1.2624840388309495, 1.9003335785820992
379776273, 5, 1.2651668645033185, 1.9037154656118316
415673546, 5, 1.2544582012600605, 1.9057593279114153
447326084, 5, 1.251846418065296, 1.9105179138615633
479759977, 5, 1.2456032699029251, 1.9125991509479172
515358001, 5, 1.2372141564025125, 1.9122013576601837
547037063, 5, 1.2448726900351796, 1.9136190338218551
579761545, 5, 1.2351049335288369, 1.9107781010016447
614937653, 5, 1.2339072291268214, 1.9103128065473942
647307146, 5, 1.2214762200360629, 1.9102450508870268
679717889, 5, 1.2188081251970375, 1.9122905173361722
715287380, 5, 1.2320210345642071, 1.9201413735521533
746791606, 5, 1.2273429399586453, 1.9275305724502978
779519162, 5, 1.2135136737114078, 1.9255993091073988
847564762, 5, 1.2009349440029189, 1.9220132416899158
879592081, 5, 1.1853451626020524, 1.9239155983680096
916394479, 5, 1.1841749054021955, 1.9236630977689273
947164641, 5, 1.1749437194220016, 1.9271262065788726
979333409, 5, 1.1758121099303342, 1.9330052991797189
15065822, 5, 1.1570221301345396, 1.9380707570335822
46513348, 5, 1.1577758164512355, 1.9411791130985616
79621818, 5, 1.1516467756236972, 1.941284714666319
115643918, 5, 1.1442448548175586, 1.9412680480735263
147554502, 5, 1.1303977808250241, 1.9430268225739653
180454325, 5, 1.106600789801246, 1.9467500384654548
216370195, 5, 1.1009051529041591, 1.9509467231901281
246613264, 5, 1.0985989645050529, 1.9537226282379019
279610495, 5, 1.0898973890485766, 1.9564075736593993
315103239, 5, 1.0771767408039492, 1.9599147476847034
347156676, 5, 1.0749087516975975, 1.961713155772177
379691822, 5, 1.0710324831100007, 1.9639166270368238
415454760, 5, 1.0552469770426252, 1.9654532142728851
447187422, 5, 1.0460859148117292, 1.9676355307715274
479604172, 5, 1.036508150501253, 1.9703097452859677
515238111, 5, 1.0412359681332093, 1.9734450456721662
546649985, 5, 1.0259182710073997, 1.9728457783971494
579860832, 5, 1.0235978322501749, 1.9743299268863104
615968927, 5, 1.0253931545506465, 1.9749205005997579
646665318, 5, 1.0170755850794442, 1.9755988540530713
679016218, 5, 1.013567825843213, 1.978266447795024
715976074, 5, 1.0097806923744277, 1.9787080834525854
746979453, 5, 1.0121289407496867, 1.981506511208424
779111475, 5, 0.99858629539400945, 1.9818659509115526
815919829, 5, 0.9945974186938259, 1.9833961249264878
847405517, 5, 0.98519100387937597, 1.9857847895144636
879826275, 5, 0.97765701281021522, 1.9908305854522801
915950660, 5, 0.98860175364109326, 2.0029500758023935
646910873, 4, 1.9371840757411585, 1.9538562253262217
715544360, 4, 1.9192876030352808, 1.9657549031153168
746611437, 4, 1.9083352384359322, 1.9681451839478881
778882312, 4, 1.9574481032696154, 1.9732254749689346
815450248, 4, 1.9042546287113975, 1.9766727031738529
847041317, 4, 1.9244349343785616, 1.9768649220601668
879693542, 4, 1.8620751345967677, 1.9775354067331943
914898727, 4, 1.871000821851313, 1.976643641114882
946863957, 4, 1.835507828450158, 1.9753793492543097
978805910, 4, 1.8424172353622728, 1.9742212572515914
14851314, 4, 1.8282696800645513, 1.9765121774659424
46804343, 4, 1.8216792661720793, 1.9808470980894726
79220203, 4, 1.816496024251758, 1.9871550194675462
115180668, 4, 1.8162608949029959, 1.9930185952884765
147011965, 4, 1.8057990246809386, 1.9954465865861881
179271480, 4, 1.7772166655357862, 1.9961389808856289
215424100, 4, 1.7782215327782129, 1.9957650513974721
246460782, 4, 1.7505166325873334, 1.9976093386165807
279105906, 4, 1.7432216356439956, 2.0005846041961695
314663066, 4, 1.7445883087412968, 2.0051230026584186
346324623, 4, 1.7148209753739347, 2.0093461614450994
379130498, 4, 1.7027732065367718, 2.0133337589520828
415302339, 4, 1.6716421223365063, 2.0161403167148424
447307482, 4, 1.6721970939902608, 2.0177297703933079
479215325, 4, 1.6493408792376685, 2.0203565562252979
515216891, 4, 1.6345206279572795, 2.0245686686329489
547660758, 4, 1.6262467675467491, 2.0296056186122655
579014850, 4, 1.61953784758021, 2.0351916033548467
615370613, 4, 1.5946099583495166, 2.0381477788919171
646880100, 4, 1.5993566877421896, 2.0419314233692973
679073442, 4, 1.5823633792142275, 2.0449513942329243
715140898, 4, 1.5523561790138054, 2.0489793877094606
746750794, 4, 1.5669888004375994, 2.0517193042021318
778911560, 0, 2.0295606200883465, 1.1588554678267238
778911560, 4, 1.5236920348965859, 2.0531342770796011
815204236, 0, 2.0066209407939279, 1.1531830776438436
815204236, 4, 1.5080503664825378, 2.0547962400016417
846939285, 0, 2.0045781268509235, 1.1456450214608027
846939285, 4, 1.4898441173802726, 2.0555651414990543
879655217, 0, 1.977672094523125, 1.1395603437004747
879655217, 4, 1.4768361059640338, 2.057721823877265
946399981, 0, 1.9553474467445524, 1.1409171560898534
946399981, 4, 1.4557115172167026, 2.0733873189388663
978827452, 0, 1.9560216372621118, 1.1357343484790918
978827452, 4, 1.4457129001303648, 2.0759215629212378
14872022, 0, 2.0331715880214589, 1.132957166416344
14872022, 4, 1.4369627572337234, 2.0801144058889367
46269852, 0, 1.9259945882901854, 1.1285313763283924
46269852, 4, 1.4197140977074911, 2.0821458193979865
79434876, 0, 1.9255572535469849, 1.1256265191405317
79434876, 4, 1.4136044896457129, 2.086651671781949
115343722, 0, 1.8986720033869284, 1.122106061535149
115343722, 4, 1.4010884140704427, 2.0901696586574183
146840536, 0, 1.8778118777925072, 1.1198196226941344
146840536, 4, 1.3815902283251587, 2.0952745888312521
179166886, 0, 1.8748914119029478, 1.1176372277032656
179166886, 4, 1.3696049911043957, 2.1000251604990723
215770757, 0, 1.8650488203034912, 1.1135711908926971
215770757, 4, 1.3632897102506638, 2.103002307131927
247148840, 0, 1.8594595855479485, 1.1086042152568796
247148840, 4, 1.3478788666472106, 2.1053728993782355
279147904, 0, 1.8493223957219476, 1.1039847391011197
279147904, 4, 1.3359874556453881, 2.1077058226673184
315593725, 0, 1.820320442951205, 1.0992836871956202
315593725, 4, 1.321887035117316, 2.1099519192469436
346459667, 0, 1.8300686304682712, 1.0958035495820124
346459667, 4, 1.3154903180501714, 2.1130299224905942
379377552, 0, 1.8597338673338053, 1.0948405131881318
379377552, 4, 1.3342614757992468, 2.1181105403769851
415744425, 0, 1.7966799281122972, 1.095710306667264
415744425, 4, 1.2955836108941492, 2.1248982540545001
446200162, 0, 1.814745651493852, 1.0931853739410418
446200162, 4, 1.3006988743374541, 2.1285254687258535
479074926, 4, 1.3129064586097154, 2.1322989649702557
515411476, 4, 1.2924622471709406, 2.1320562480263159
546211818, 4, 1.2857791300402461, 2.1245184656856941
578834354, 4, 1.258252360843783, 2.1167810045424189
615500846, 4, 1.2410246389750377, 2.10617021027381
646397263, 4, 1.2271796836723481, 2.0939643549293652
678938964, 4, 1.2236199200371074, 2.0800594317454144
715556157, 4, 1.2052054246252719, 2.0654380701876351
746775187, 4, 1.192971096910699, 2.0478860418266907
247689321, 4, 0.97148092306634093, 1.6202545993581261
279196133, 4, 0.94192110436417598, 1.6005720561775771
315335332, 4, 0.91764720006160472, 1.5821271403334629
346271806, 4, 0.92161851076548096, 1.5639268694255213
379131622, 4, 0.89788203991219284, 1.5475217732023403
415576720, 4, 0.88244667545876621, 1.5357782899436085
447345589, 4, 0.86237384306789922, 1.5202807833235965
479153178, 4, 0.8598265904557213, 1.5058803757256358
515309460, 4, 0.83466191061335415, 1.4942414737588947
546722296, 4, 0.84913419304482041, 1.4860441663241641
579032841, 4, 0.82968936005611471, 1.4816628126281
615234923, 4, 0.80595439956654913, 1.4805356708134978
646677732, 4, 0.79095604851517842, 1.4784980197583255
678306238, 4, 0.78245371657090446, 1.4782061408514147
715794015, 4, 0.76989767902527717, 1.4802260353066041
746988615, 4, 0.76620419752174052, 1.4802211814552
779147797, 4, 0.75683359715556098, 1.4799735045507258
815427861, 4, 0.74848875474853627, 1.4792739557250711
846496936, 4, 0.73922951416323579, 1.4766155962359739
879156710, 4, 0.72919718010119627, 1.4743445033938016
915470688, 4, 0.72295164228849029, 1.4729148344804657
946557967, 4, 0.71445531464373846, 1.4714097305831717
979026620, 4, 0.70684307394476942, 1.4692831029070359
15392179, 4, 0.70008694550786943, 1.4682195768206772
46889775, 4, 0.69082564490373888, 1.4655569210892077
78892689, 4, 0.68521461867326128, 1.4621148006187039
114724968, 4, 0.67617171749488714, 1.4591154267666535
146693599, 4, 0.67417994188268227, 1.4564981971273472
179101095, 4, 0.66589863286834916, 1.452901707198341
215380154, 4, 0.65865212382527993, 1.4520013650074284
247392036, 4, 0.65335053630353557, 1.4527387708549246
279472061, 4, 0.65478561012279557, 1.4522613717598836
314802477, 4, 0.64779389697859169, 1.4535217892786023
346919481, 4, 0.64108930125424446, 1.4530695863042322
379253778, 4, 0.64073254563168225, 1.4527760638521632
414979890, 4, 0.63584237872775062, 1.4522578559444754
446957494, 4, 0.6312663155819479, 1.452604746354033
478978447, 4, 0.63021158986208026, 1.4509589765732493
515588073, 4, 0.62772636936388782, 1.4502778853105081
546643470, 4, 0.62624395456863891, 1.4520285277458569
579361372, 4, 0.62531033506045941, 1.4518454051792613
615542751, 4, 0.61950384228311506, 1.4524186952195921
647086797, 4, 0.61737685177111679, 1.4523388052754072
679140562, 4, 0.61894002180913354, 1.4520410557759629
715525555, 4, 0.61837646496941079, 1.4496529758761436
746469298, 4, 0.61826205688327396, 1.4495081747311587
779002376, 4, 0.62220163491978508, 1.4478366684952757
815471336, 4, 0.62267373776746771, 1.4474806887471887
847016064, 4, 0.61846579672964797, 1.4471101979241718
879163845, 4, 0.61890818228096312, 1.4487262080667898
915422147, 4, 0.62133898287985889, 1.4498567286401336
946810737, 4, 0.6201615832822488, 1.4504566524447622
979402022, 4, 0.61902307187687422, 1.4494247078198967
15410338, 4, 0.61891593219625118, 1.449061170371523
46477617, 4, 0.62001884961835518, 1.4489694175797352
78900266, 4, 0.62045359196522953, 1.448923808736345
115463187, 4, 0.62032633465288278, 1.4486239837088557
146687375, 4, 0.61961599311419602, 1.448634026779055
179203187, 4, 0.62036952050538752, 1.4490574629228599
215404419, 4, 0.62048386133735833, 1.4493258193040206
247448445, 4, 0.61999136942593502, 1.4491591287900263
283045498, 4, 0.6195727282110941, 1.4490360912276168
315637047, 4, 0.62080292457349762, 1.4490902794594396
346462321, 4, 0.62048625211498731, 1.4490503936907762
383020212, 4, 0.61996945565916517, 1.4489888419260604
415406075, 4, 0.61989746268271051, 1.4489634366555071
447002572, 4, 0.61993197288061919, 1.4491212152764621
483268681, 4, 0.62019739381016847, 1.4491314286372756
515415610, 4, 0.62020754044974824, 1.4490791974647677
546685469, 4, 0.62005645517481212, 1.4490032454348292
582779559, 4, 0.62014341534794715, 1.449054566108855
615192112, 4, 0.62028459366429711, 1.449032374395298
647135132, 4, 0.6200216493677011, 1.4490686367888319
682737278, 4, 0.61981508409912633, 1.449068593944743
714859141, 4, 0.62022219629468966, 1.4490387858061227
746250539, 4, 0.62002919829915115, 1.4490324519992785
782935182, 4, 0.62026556067291705, 1.4490165179281571
815459894, 4, 0.62026519930201185, 1.4490355186487696
846637824, 4, 0.61997342061253757, 1.4490141420234861
882994614, 4, 0.62036159848899886, 1.4490906385064695
915268781, 4, 0.62049644783935853, 1.4490157622486741
947069816, 4, 0.62025336086346972, 1.4490324691089662
983339962, 4, 0.62038221541548355, 1.4490231242891676
15012602, 4, 0.62048801480203952, 1.4490248049243817
47088726, 4, 0.62019742369833364, 1.4490637438263423
82962192, 4, 0.62054531241955024, 1.4490792389475291
115190250, 4, 0.62047123448514341, 1.4490512551614882
146312714, 4, 0.62024497154686808, 1.4490496445394874
183105650, 4, 0.62021854091180895, 1.4490727138200634
214812881, 4, 0.62036195563639707, 1.4490637752691573
246315321, 4, 0.62043024861505325, 1.4491062771091556
283194005, 4, 0.62045026954412141, 1.4490426568381367
315683504, 4, 0.62025411822690557, 1.4490913359790532
346311747, 4, 0.62025465590247753, 1.4490850402311277
383076861, 4, 0.62035333504177748, 1.4490539320895375
414957380, 4, 0.62046625079239393, 1.4490718181858795
446832893, 4, 0.61999020355504975, 1.4484586774162129
483155854, 4, 0.62416794259530928, 1.4484946972686359
515503877, 4, 0.62637351499688965, 1.4511704084990609
546611702, 4, 0.62510332671877811, 1.4534938888425992
583221204, 4, 0.62652545389804004, 1.454667551142393
615242060, 4, 0.6304706157301696, 1.4538965777007171
647665933, 4, 0.63150439209030507, 1.4534906200258744
683378513, 4, 0.63349093853997551, 1.453254766843306
715774016, 4, 0.63924563089203557, 1.4543599334653856
747050051, 4, 0.64283135732014163, 1.4559986746061124
783132749, 4, 0.64285789952197825, 1.4575458865018343
815135197, 4, 0.64796668909645017, 1.4602160063966199
846449713, 4, 0.65633732818247736, 1.460494283239711
882664427, 4, 0.65916870454810061, 1.4591885359400387
915701053, 4, 0.66638122732986049, 1.4595423011485913
946919444, 4, 0.67206735634921932, 1.4600710642110779
983143386, 4, 0.67866173318913214, 1.4597680328255007
15595280, 4, 0.68610355791987865, 1.4643817877857619
46541626, 4, 0.68916177959823888, 1.4661022197221838
83108139, 4, 0.69733953303385943, 1.4674931200433599
115591338, 4, 0.70171213676713684, 1.4690718313916757
147121067, 4, 0.71542685410377138, 1.4701321537140624
183357081, 4, 0.72042589210995833, 1.4690932754508679
215512753, 4, 0.72625979135404228, 1.4710778249274628
246797767, 4, 0.73551333614738057, 1.4777389152277396
283190817, 4, 0.73383742081968872, 1.4838791072763844
315712301, 4, 0.74029757578268329, 1.4822041129663783
346855161, 4, 0.74559004785812077, 1.483128077921986
383262769, 4, 0.74368439310877565, 1.481953967679345
415340695, 4, 0.75437589058974619, 1.4809276484152081
446852506, 4, 0.75554240205376411, 1.4809620796918428
482935056, 4, 0.75520952903939043, 1.4807372896850388
515254142, 4, 0.75486116301742778, 1.4801596213632064
546919557, 4, 0.76342562568880368, 1.4821462747655043
583143871, 4, 0.7619374423420896, 1.4837049249556611
615767481, 4, 0.76451541177312399, 1.4857306231820981
647110322, 4, 0.76815405963788674, 1.4866260933027065
682905221, 4, 0.77342222677140726, 1.4858102736680583
715585230, 4, 0.76521528933208605, 1.4853477737686247
746349397, 4, 0.76467660740714094, 1.4848928747711967
783002908, 4, 0.76555874384802614, 1.4851216574418866
815503664, 4, 0.76646062659464564, 1.4844485252197177
847512277, 4, 0.76653821037837377, 1.4845118523766716
882985139, 4, 0.76711318601061473, 1.4843374699307503
915573699, 4, 0.76687108742396082, 1.4846499788718364
947758597, 4, 0.76672368220253517, 1.4843990527603468
983084695, 4, 0.7674884293001123, 1.4845247217145172
15540685, 4, 0.76700079691198242, 1.4843325501656266
46773654, 4, 0.76764296236991691, 1.484424759845292
83099046, 4, 0.76749156699041376, 1.4843532395997578
115488903, 4, 0.76712635230729342, 1.4844391448882697
147048445, 4, 0.77283875065480767, 1.4840074273555706
182793929, 4, 0.77295846759883124, 1.479754899514101
215371053, 4, 0.78115953031222407, 1.4695269429355766
246603288, 4, 0.7708084613358549, 1.4565764572186766
282867057, 4, 0.76931673321495009, 1.4443342958599561
315381404, 4, 0.77288013429853653, 1.4302348573314025
346577384, 4, 0.77389496114611167, 1.4169520431509843
383085233, 4, 0.78078445707450073, 1.4027738297442742
415356481, 4, 0.78303088101473639, 1.383909140513466
446927504, 4, 0.78270270432472655, 1.3621814406668313
482884199, 4, 0.78802284695805447, 1.3393797949239896
515285324, 4, 0.78619033033805419, 1.3121892914547255
615549972, 6, 1.8263097217868451, 1.1878470121466724
650397353, 6, 1.8199402137991814, 1.1852920845778652
715215983, 6, 1.8059254201327832, 1.1888046022094483
750612240, 6, 1.8009708107711238, 1.1909961940022133
782706836, 6, 1.8136263156515273, 1.193301525686626
815248835, 6, 1.8235544928958662, 1.2019817718239596
650740765, 6, 1.5341794058393323, 1.7787154391408819
682697335, 6, 1.5483516328443854, 1.7894674626810543
718968140, 6, 1.5352350389793192, 1.8016187892541848
751056896, 6, 1.5308015936754129, 1.8100833881059952
783060395, 6, 1.4965327637144592, 1.8160887218354884
819410384, 6, 1.4987680051789085, 1.8166773578468707
850955195, 6, 1.4805217018092782, 1.815980235391683
882900529, 6, 1.4897190927551494, 1.8126454802307881
919154524, 6, 1.47819071077617, 1.8094294529018835
950548763, 6, 1.4527469104657178, 1.805823710273105
982683478, 6, 1.4630192922890566, 1.8031855938151968
18909455, 6, 1.4670888849581805, 1.8015810112477952
51096936, 6, 1.4188004150304612, 1.8018205920311166
83858529, 6, 1.4452206631076145, 1.8089522087977161
118729811, 6, 1.4150847187469726, 1.815774928626845
150991202, 6, 1.4444627536014594, 1.8222968994710067
183728574, 6, 1.4157903961268949, 1.8230913272690528
218558891, 6, 1.4498819648061771, 1.8191914559891502
250246755, 6, 1.3922626079162146, 1.8168238257963754
282824043, 6, 1.3984169335343846, 1.8165389786591197
319249573, 6, 1.3805293363892901, 1.819812591205489
350382118, 6, 1.3736183627897627, 1.824110661653759
382863528, 6, 1.3584212186689502, 1.8273135666789846
419401294, 6, 1.3592476393196782, 1.8289200760899187
450516321, 6, 1.3479363832402111, 1.8297087487648691
483053757, 6, 1.3395063047540341, 1.8303692042187321
519367616, 6, 1.3074296441037228, 1.8320606807703659
551104704, 6, 1.300917826657209, 1.8342753686753899
582786240, 6, 1.296375008990547, 1.8371168725273661
619416810, 6, 1.2659641801851351, 1.8394834135859257
649912588, 6, 1.2854679761349923, 1.8411955629949837
682939716, 6, 1.2711366864312783, 1.8415361516568525
719371964, 6, 1.2463056418739544, 1.8434720239565516
750831859, 6, 1.2667376728158708, 1.8458679506551274
782812724, 6, 1.2361184390946161, 1.8466800126956131
818550133, 6, 1.2158225943035392, 1.8514647739723602
850674102, 6, 1.2268268164962521, 1.855812714869097
883070195, 6, 1.2068115455147876, 1.8565230316586574
918621396, 6, 1.1883483542167597, 1.8610564757123025
950134856, 6, 1.1898365351719324, 1.8617189649442623
983023525, 6, 1.177788684357824, 1.863976582815559
19431391, 6, 1.1657438152895969, 1.8647740547990121
50136989, 6, 1.1632547616850992, 1.8640212468602084
82780810, 6, 1.1594880978160325, 1.8638264735395804
119301435, 6, 1.1414966081641076, 1.8629281062612437
150812162, 6, 1.1380168188432158, 1.8634133489087406
182792889, 6, 1.1284435636456196, 1.8631166915537025
219320759, 6, 1.1205200584996959, 1.8645951227463844
250757527, 6, 1.1278465680550784, 1.8654267795786732
282990330, 6, 1.1138214017826289, 1.8654905511101767
319473310, 6, 1.1323973736262276, 1.8630545636352176
350747498, 6, 1.1335385068164927, 1.8537527075413656
382695584, 6, 1.1005907536897261, 1.8388635219183322
419304337, 6, 1.1007508200142884, 1.82669746531323
450918926, 6, 1.0809266465816356, 1.8120836131873612
483466870, 6, 1.0780297507630032, 1.7990195127583077
982771465, 6, 0.89826600729108641, 1.3680717958329216
19530016, 6, 0.89412949690983301, 1.3503537595507438
82872652, 6, 0.87105211985030773, 1.3101640001925532
119261076, 6, 0.85752801510082988, 1.2932695597608583
150676508, 6, 0.8573873635001813, 1.2769332105009275
182717534, 6, 0.84165619791820279, 1.260887351062931
219207916, 6, 0.83481933868847369, 1.24755859683726
249940154, 6, 0.8279305952681959, 1.2358158077001533
282839173, 6, 0.83217218605757703, 1.2250739025941608
319366738, 6, 0.80973945009398896, 1.2214018890310339
350298331, 6, 0.80879151507219704, 1.2195142270624153
382851936, 6, 0.80013746782399831, 1.2195361689867033
419530237, 6, 0.79828734255493583, 1.2202557201074877
450452769, 6, 0.78856253842989144, 1.2186954466582502
483301797, 6, 0.79062867058447905, 1.2186726426930243
519657948, 6, 0.78175125026141479, 1.2174464040230955
550483181, 6, 0.77752287407614029, 1.2159859839409748
583169420, 6, 0.77628291631198221, 1.2140244543377363
619488175, 6, 0.77363462582807041, 1.2117063312914567
650643118, 6, 0.76802181976608985, 1.2082849869768608
683041828, 6, 0.76518528279881792, 1.2059491644309568
719570474, 6, 0.76061288481964662, 1.203296460010868
750962687, 6, 0.76230147149395644, 1.2017760253872238
783002159, 6, 0.75647610436556378, 1.2003746669339146
819445132, 6, 0.75512571532359074, 1.2016812278292015
850956028, 6, 0.75755016161172073, 1.2008669394347158
883213895, 6, 0.75456103598244462, 1.1987327157659686
919449187, 6, 0.764663191815529, 1.1913660530908563
950914572, 6, 0.7508339063743561, 1.1769977039840769
983313262, 6, 0.751293194936688, 1.1619920345304264
19600726, 6, 0.7411163837401531, 1.146513948979391
51436342, 6, 0.74611021671817856, 1.129367689907059
82864056, 6, 0.73129316122610488, 1.1108911002246469
150297826, 2, 1.8316175803210404, 1.8051055840374075
219688833, 2, 1.8103411418032593, 1.8082924496607848
251026986, 2, 1.8499767320552853, 1.8024450306869484
283904194, 2, 1.7834833220197142, 1.7988218435167707
318592575, 2, 1.7831053664551433, 1.797373651733301
351001746, 2, 1.7756456554498328, 1.8031976536104966
382954991, 2, 1.7485378851272286, 1.8078714250604331
419123235, 2, 1.7432296103118872, 1.8117932425419117
450074064, 2, 1.7763942968494051, 1.8133825047997516
482886553, 2, 1.7322594728943623, 1.8127671171291047
518340249, 2, 1.7302845568209493, 1.8124134473341309
551045939, 2, 1.7231177029697158, 1.8122952832994057
582922988, 2, 1.7016666474642854, 1.8149322173524978
619375766, 2, 1.6835440346491732, 1.8176280559822995
650952080, 2, 1.6823204446347699, 1.8205945191476329
683012199, 2, 1.6679454643694971, 1.8202101847670893
719307569, 2, 1.6529165895294569, 1.8201989799453795
750911712, 2, 1.6535720119068384, 1.821944287360425
782906946, 2, 1.6635944517413697, 1.8216178841114572
818376456, 2, 1.6345697613662351, 1.8223487639228086
850763726, 2, 1.6452389481615453, 1.8258799572527447
882608753, 2, 1.6578056654775779, 1.8268374963234444
918367290, 2, 1.6018439637332722, 1.8286551338511901
950586103, 2, 1.6054778622091181, 1.8291663751131748
982640743, 2, 1.584381438927174, 1.8316869743821964
18722657, 2, 1.5815753469144107, 1.8338619258427786
50207368, 2, 1.5840929558261538, 1.8313284426215084
82655360, 2, 1.5575998109096967, 1.8344777326533503
118246216, 2, 1.5569123829264688, 1.832835765095356
151657171, 2, 1.5461493575277467, 1.83355543373743
182670319, 2, 1.5506238097136429, 1.8349721256581601
218704913, 2, 1.5278187255130984, 1.8355123776669731
250667953, 2, 1.5453712182419912, 1.8366037617264048
282401062, 2, 1.527529405042509, 1.8375253188060001
318491601, 2, 1.5460270585733291, 1.8376164274533018
350649051, 2, 1.5107730033395681, 1.8384185647228188
382543466, 2, 1.5020231378202638, 1.8394486663917835
418790278, 2, 1.5073676731953165, 1.8402106572267103
450814175, 2, 1.5002123071305673, 1.842870879824555
482446428, 2, 1.5156589691405054, 1.8418251084411408
518757755, 2, 1.5103576767907567, 1.8416313162733409
550644112, 2, 1.5103975144730579, 1.8419158552600459
582636588, 2, 1.5030163323583592, 1.8417354120272578
618494953, 2, 1.5068911643102814, 1.843432412189101
650603386, 2, 1.5076535101314754, 1.8448298347181495
682915706, 2, 1.5093281347758201, 1.8452741611104972
718157426, 2, 1.5116360677579352, 1.8450219744281253
750900993, 2, 1.5116531043831372, 1.8450582492140062
782919936, 2, 1.4977657139311038, 1.8442663580934433
819096967, 2, 1.5146645687370694, 1.8431418912429114
850666556, 2, 1.5069548397343806, 1.8425055965262667
882754617, 2, 1.5118577030384954, 1.8409512751455654
918951261, 2, 1.5250969630039837, 1.8365013989741514
19076833, 2, 1.5122727718386448, 1.7936564945487858
819245587, 2, 1.3704126472574862, 1.1446762490547271
850609725, 2, 1.3611629994200407, 1.130103448949304
882640702, 2, 1.3736869853166882, 1.1174193106606107
918774933, 2, 1.3556334953908566, 1.1075651830533646
950296689, 2, 1.3561295737991539, 1.0977609794845433
982664455, 2, 1.3429575608313169, 1.0895205807545481
19268627, 2, 1.3313138751727536, 1.0848782802942123
50992743, 2, 1.3459522585483341, 1.0825194810743761
82799923, 2, 1.3464934747046855, 1.0809787683237779
119366980, 2, 1.3303663082518078, 1.0822383730646215
150813756, 2, 1.3266443744673315, 1.0830619062395432
182913456, 2, 1.3335305296310569, 1.0854740539500636
282855751, 2, 1.3512515378243515, 1.0518428664995165
718016412, 1, 1.1444724449475534, 2.133557919795749
750694407, 1, 1.1216295452531073, 2.1238735516984972
787418722, 1, 1.1237528748681158, 2.114026301804854
386342695, 1, 1.0088620135554831, 1.6063621932260181
418441096, 1, 1.003566801009026, 1.5928302854739573
450022655, 1, 0.9981653426436351, 1.5751203770401805
487080972, 1, 0.9928739909480615, 1.5578850442909671
519194402, 1, 0.98335211492813024, 1.5411370760762313
550220035, 1, 0.98518719627012252, 1.5244592776298886
586501817, 1, 0.97116596385574971, 1.5082596472645775
618688096, 1, 0.9716397891752554, 1.4963350031461646
650793456, 1, 0.95960081736865421, 1.4869698989705682
686615619, 1, 0.95714252250317222, 1.4827066265300475
719114371, 1, 0.95518387144027816, 1.481461571734322
750128221, 1, 0.95170472253129323, 1.481501362175305
786904297, 1, 0.9521936403714768, 1.4831764387200665
818753851, 1, 0.9518854855180181, 1.4851720229031171
850602925, 1, 0.95394430856207613, 1.4875346481804417
886633462, 1, 0.94667540755468005, 1.4888636291167969
918604962, 1, 0.94587078373504407, 1.4896388523743527
950158572, 1, 0.94842759425588619, 1.4885714254988813
986550468, 1, 0.94819832801768666, 1.4878061369634668
18495130, 1, 0.94902323738099437, 1.4863341069862508
50635499, 1, 0.94416003221346212, 1.4856589589350016
86670809, 1, 0.94277933169502726, 1.484990510657223
118596892, 1, 0.94507432443275918, 1.4846336440913743
150510579, 1, 0.94516515234824117, 1.4849433077891234
186801528, 1, 0.9429636085733748, 1.4854792253372084
219415640, 1, 0.94475187806590444, 1.4863304111105409
250506978, 1, 0.94437908160844231, 1.4869771500249265
286843658, 1, 0.94451096959380931, 1.4862110857026858
318361296, 1, 0.95629557495370898, 1.4812557730795035
351348301, 1, 0.94807864650789941, 1.4706353125722309
387106070, 1, 0.95188606050571989, 1.4532071959826076
419092388, 1, 0.95572600650085349, 1.4350275588411736
450531171, 1, 0.94910542177265034, 1.4165993198670412
486811386, 1, 0.9315209824360654, 1.400239096356021
519100535, 1, 0.93438040916161802, 1.3837673535129325
550407962, 1, 0.93171825263503716, 1.3625154908422685
286966883, 5, 1.5323512510980399, 2.1261133793014051
350545452, 5, 1.4915893859546587, 2.1185969202080002
418802607, 5, 1.4927869640536033, 2.1213665557252419
950896354, 4, 2.1524094622258638, 2.1406218914827697
986937046, 4, 2.1430975347973038, 2.1474515819557829
18061676, 4, 2.1176547259660712, 2.1518123867145551
50775317, 4, 2.0992538166413475, 2.1537463440337787
286958661, 0, 1.8222950220277572, 1.3660429674885446
318840322, 0, 1.7751845087770006, 1.362859587261759
350392384, 0, 1.7723656212551258, 1.3622431401382693
387053041, 0, 1.7555745844925781, 1.3610290027157275
418873761, 0, 1.7341784222769348, 1.3588497014402798
450810151, 0, 1.7181651284900956, 1.3551918923811477
486740525, 0, 1.7100993578303627, 1.3523781301787834
519352755, 0, 1.6880287418787596, 1.3484181065500265
550263720, 0, 1.6814878733138745, 1.3461484034246043
586785812, 0, 1.6606745000989287, 1.342434796448253
618620870, 0, 1.6216155198855076, 1.338991934038479
650846015, 0, 1.6214428118369333, 1.3370373252659808
686844558, 0, 1.6088264323389327, 1.3335629396525099
719384721, 0, 1.5776714389139344, 1.3303426212652742
750484529, 0, 1.5704033527060826, 1.3290414134337132
786681195, 0, 1.5630440769072942, 1.3261954393181923
819303913, 0, 1.5437033815913901, 1.3237356745790823
850303626, 0, 1.5367123699279914, 1.3218836887305561
886689286, 0, 1.52071169437563, 1.3186966885161593
919108677, 0, 1.5096701507664496, 1.3176734986207908
950624837, 0, 1.4926779318331334, 1.3147560305370916
986453192, 0, 1.4835980466943823, 1.3122128777588853
19243166, 0, 1.4767283803764366, 1.3106397494124058
50908548, 0, 1.4750668194478176, 1.306658780770932
86965823, 0, 1.4562997949183583, 1.3053111803168689
118672546, 0, 1.4372356031236413, 1.3042744455273332
151207955, 0, 1.4324955816976102, 1.3051850847393864
187021150, 0, 1.4636466525976948, 1.3116719910188028
219694733, 0, 1.401768590908359, 1.318632422769592
250310457, 0, 1.4194250104283022, 1.3246683333868516
287053327, 0, 1.4445507642952209, 1.3322241479816452
319465024, 0, 1.4010970945358419, 1.3406971717611607
351057785, 0, 1.3559486392629145, 1.3554146222585886
386744115, 0, 1.342065681805686, 1.3702167316485581
55366274, 0, 1.0641913593392334, 1.9336608927659991
86690978, 0, 1.0374842489432865, 1.9534135779055017
118674321, 0, 1.024249527070531, 1.9745177173490707
154866488, 0, 1.0077019540606056, 1.9913634800116147
186391471, 0, 0.99912827346111843, 2.0066092532822539
218867099, 0, 0.98519376978698214, 2.0194170468067623
255319405, 0, 0.97104909742432943, 2.0299462007195594
286636776, 0, 0.96253792372624114, 2.0407581424955632
317958967, 0, 0.95625144036137111, 2.0483106122998231
354641837, 0, 0.94107015012995954, 2.0531337976613293
386723327, 0, 0.93264927660205854, 2.0581433675830691
418679401, 0, 0.92517845713557734, 2.0599905177158635
454673508, 0, 0.91570662446008744, 2.0613283567169183
486586363, 0, 0.90806437215533042, 2.0623928023873037
519218581, 0, 0.9002271101374083, 2.0640636144816846
554564564, 0, 0.88443117044528441, 2.0682063532238293
586538412, 0, 0.88306692865265501, 2.073056049425007
618400166, 0, 0.89871884437073435, 2.0786776929453872
654680130, 0, 0.86061286548524418, 2.0895343691870671
686666885, 0, 0.85528597131497952, 2.1035242534876177
718469937, 0, 0.8442561366511907, 2.1192601824563413